conv1
-58
286
-158
-154
422
-14
-81
109
-160
122
-257
-124
595
-50
-102
351
-160
-197
-189
-425
148
-259
-105
362
-143
-90
444
-34
-157
-184
-371
-8
-158
-86
654
30
-29
456
13
-158
-49
-324
193
-186
-53
624
21
2
271
4
-119
-146
-333
184
-195
-94
260
124
84
236
4
-68
-300
-178
-104
222
-212
-166
459
40
-10
149
-42
-61
-343
-81
166
-343
-259
302
-164
-24
88
-44
25
-278
12
-11
-287
-187
483
109
83
153
63
-79
120
70
205
-283
-213
401
55
-28
-26
9
15
-267
-5
193
-281
-188
158
57
31
101
11
17
-265
-28
-2
-109
-25
219
79
67
-73
175
-150
158
-266
-178
496
94
61
189
266
-320
-562
-228
98
-332
-169
329
22
225
384
299
-326
-582
-213
-4
-374
-189
560
233
247
357
307
-74
-153
-135
79
-330
-188
498
192
7
187
266
-296
-538
-204
66
-336
-169
235
186
200
310
260
-302
-544
-57
-74
-114
37
316
211
202
97
129
-63
-58
-358
-114
115
-156
-58
153
232
-199
-344
119
-27
-321
-22
-24
-134
94
357
376
-145
-297
208
-73
-62
18
162
-61
50
257
304
26
-160
192
-66
-339
-68
139
-70
-167
58
295
-170
-315
148
-61
-334
-55
-30
-65
46
253
300
-165
-310
313
120
-43
232
-5
-18
33
20
178
214
-350
-583
-240
95
-102
70
193
388
-2
-107
428
-380
-595
-217
3
-233
58
368
434
-40
-145
439
-66
-301
-136
87
-89
62
309
396
31
23
443
-344
-538
-195
84
-85
-132
119
400
-25
-130
405
-340
-541
-36
-105
-88
63
310
397
-28
-133
284
-104
-200
142
-60
-38
16
38
132
149
-262
-371
128
18
-48
255
-147
202
-185
-193
471
-201
-280
234
-46
67
231
-96
74
-296
-297
423
36
-274
242
-7
-79
169
-95
89
-173
-136
466
-185
-243
229
29
-43
-2
-162
125
-203
-211
453
-163
-235
382
86
-35
213
-51
133
-195
-203
350
-62
-148
204
-20
-20
-20
-20
86
274
-98
-140
458
-287
-279
98
-107
73
-273
-241
495
-98
-98
495
-19
-184
43
-237
-20
-343
-297
502
43
-57
544
-234
-259
29
-195
29
-168
-105
565
-7
14
558
-178
-210
33
-253
78
-210
-178
558
14
14
401
-141
-210
78
-146
78
-210
-178
321
-20
-96
266
20
-2
-56
-78
40
228
-162
-194
446
-250
-225
169
-67
58
-38
34
234
-280
-201
471
8
-169
178
-55
209
-67
26
163
-235
-30
428
-271
-249
79
-105
159
8
-112
246
-247
-147
469
-195
-187
87
-230
221
-27
45
245
-227
-155
287
-102
-195
133
-51
213
-35
37
7
22
-215
214
3
16
-35
-22
165
182
-226
-248
434
-213
-171
240
-27
-109
-107
62
-217
-595
-380
428
92
-2
465
336
96
-76
121
-214
-323
-155
445
-118
8
433
346
99
-234
33
-225
-582
-346
399
-136
-31
331
116
60
-91
78
-201
-544
-343
363
-44
-28
397
310
63
-88
81
-117
-221
-334
219
100
205
214
319
-128
136
-24
21
194
-347
-231
254
13
-124
-24
185
-22
-321
-27
119
-166
13
315
233
40
-85
159
-97
-145
-128
177
-307
-134
331
284
77
-210
26
-88
-366
-51
158
-305
-160
233
139
51
-60
149
-58
-329
-56
97
-5
-165
300
253
46
-65
144
25
-179
3
15
-69
71
83
223
-155
-62
-126
43
-236
-614
-367
249
110
13
211
517
-169
-332
98
-228
-234
-124
298
320
231
210
558
-170
-385
51
-243
-591
-314
248
298
188
4
342
-255
-397
54
-216
-550
-308
325
181
194
180
486
-200
-342
60
21
-251
-302
260
310
200
186
492
-251
-118
188
-284
-276
-44
28
260
8
-108
-76
160
-20
-292
29
-22
-135
-2
9
355
-259
-343
166
-81
-36
-109
-4
65
23
49
444
-205
-359
78
-55
-324
0
-6
84
14
-124
335
-270
-333
197
-1
-263
19
75
204
33
59
405
-209
-279
195
211
-212
17
11
101
31
57
403
-261
-76
240
-222
-236
-26
-8
202
-38
-2
126
486
-146
-255
197
-331
-190
-169
-60
383
-102
-50
595
-124
-256
58
-458
-285
-223
-93
406
-107
-143
428
-171
-304
124
-393
-206
-179
-62
347
-133
-60
606
-71
-204
175
15
-58
-128
-5
438
-47
12
615
-17
-154
184
-333
-146
-119
4
447
-81
-34
292
-160
-196
-8
-44
144
-84
-48
62
432
-158
-218
251
-260
-150
-184
42
525
112
243
359
-281
-362
73
-456
-236
-127
50
596
162
187
455
-287
-341
134
-343
-116
-49
114
340
156
308
312
-293
-354
65
-64
-35
-118
45
528
115
246
313
-264
-115
66
-411
-184
-117
46
529
80
8
40
-345
-346
-123
-156
67
-92
-94
-2
378
-170
-181
305
-189
-110
67
334
249
-92
118
313
-248
-278
202
-264
3
159
383
235
-120
-34
311
-346
-321
201
-236
31
138
347
10
-106
125
208
-325
-314
145
47
121
82
285
200
-141
62
201
-321
-95
138
-299
-32
75
278
193
-177
-121
-22
-340
-306
-48
-78
180
90
-140
67
514
65
160
112
-308
-203
-233
56
68
-144
202
533
108
72
388
-186
-423
-163
165
121
-98
144
357
70
231
116
-224
-468
-264
238
-130
-178
189
408
4
144
92
-184
-141
-288
12
24
-188
144
412
-112
115
96
-244
-488
-284
16
28
-168
-60
258
64
190
-68
-38
-296
-70
pool1
286
-124
595
351
-90
444
148
362
-49
654
624
21
271
236
184
-94
222
-81
459
302
-24
483
153
63
120
205
401
55
158
219
79
175
266
-178
496
329
225
560
357
307
266
79
498
192
235
316
260
129
232
119
115
153
94
376
257
304
295
-66
148
-55
120
253
300
313
388
428
95
193
58
434
309
439
443
-25
405
-36
-88
310
397
284
202
471
18
255
242
74
169
423
466
-185
453
382
86
213
133
350
274
495
-98
495
544
-20
29
502
565
14
558
401
-20
266
78
321
228
446
-201
471
428
209
79
163
246
45
469
287
22
214
213
165
182
434
-171
428
465
336
433
99
116
78
399
363
-28
397
214
319
136
194
-27
254
315
233
331
77
139
149
158
233
3
300
83
223
211
517
98
249
298
320
558
188
342
486
-200
325
188
310
200
492
9
355
166
-22
78
65
444
14
335
405
-1
211
240
101
57
403
126
486
595
-124
428
124
406
-62
347
606
12
615
292
-146
4
447
62
525
359
-150
455
134
596
187
340
528
246
313
66
-184
46
529
334
378
313
-110
311
201
383
347
121
285
62
201
138
-32
278
193
67
514
533
108
388
231
165
238
-130
408
144
412
258
190
16
28
conv2
6626
8657
6479
-7179
1143
2155
-100
4225
159
5826
2692
-16535
-1634
-2382
-12280
2883
7163
1066
-4280
-9567
3803
-7073
-8993
1016
-1932
4126
3658
-8115
7630
-747
-11899
6090
3500
-2838
7148
-7217
5001
-1697
-9488
684
-3514
-2396
1715
-7906
2177
-825
-15558
-596
-1658
-9945
3258
-3881
-740
2632
-6989
-5111
-4917
-7522
-3675
-1825
-1864
-895
-7222
-5159
3815
3899
1767
-11034
-2922
-2275
-5351
1131
-338
13154
-9470
-2747
7671
-4114
-2874
3266
6112
-4528
9548
3532
-1559
476
-6471
7010
-2971
6449
-4493
-927
12570
-2897
-3015
6260
1910
-4322
7438
-1913
-759
1027
-10698
1958
-4231
6323
-6163
154
7025
2796
-1400
5077
439
-1610
-4439
6856
1022
7604
-3487
4985
-7395
286
-1305
-2781
-720
-1424
4428
-2722
1004
-859
-2945
-14889
-6987
-6705
-10602
-1963
3839
8607
-12360
-7294
9718
-4649
-1790
-1044
2382
-2978
2685
-3794
-898
2876
-7103
3447
2355
1210
-5747
-2688
7193
-5807
-1560
2060
-5836
-2310
8089
-7021
-3574
-2424
-10996
-2506
448
-1697
-3116
4395
-420
-3387
1054
395
-3696
3039
-2218
1576
618
3703
-3690
793
-1570
-6878
4599
2628
6
-3473
3595
-5434
1651
8063
-13262
693
4452
-6461
810
-364
2088
2806
1090
5810
3386
1637
-497
4203
1711
-1219
-5546
4099
5596
1704
2335
4254
1373
740
-4949
2999
1512
-3226
-2404
3598
-6058
5972
-38
392
1477
1953
3298
3385
2220
6433
-11773
13937
-265
234
3774
10001
-7926
8239
-2201
-1557
-451
1341
5588
1750
2146
3077
281
6726
276
-2824
5555
5211
6972
5110
-14307
-2060
8633
-5020
3900
-3458
-2342
4149
-6151
-1511
3077
2774
-2358
-107
7405
-7022
-6880
3043
1773
-228
4344
691
-5765
3766
-3790
-1726
-1224
-6820
-2336
-602
-884
-2485
2760
3986
-5765
-3474
5888
-1079
-2240
10877
-10512
7462
-2276
-5018
2789
5319
-3853
-1533
1350
1675
-1938
-2541
2383
-2442
352
8643
2689
4421
1097
-2327
4760
2499
6365
903
988
12838
4435
3242
7199
3005
-3713
5701
-14760
6387
8601
339
5851
-47
6791
-8056
-6162
9435
-2354
3331
4054
2866
-5379
13062
-11409
6070
3906
-2586
12324
5553
1383
5208
-6146
12881
-5407
903
8744
8745
-6795
15872
-11455
3134
-4952
-8731
11285
5786
-1889
5814
-5321
3596
-3881
-3725
1971
6723
-2297
5298
-356
1698
-2148
-5877
830
-213
3079
3840
-4408
7311
6260
6355
7344
-89
1281
-309
-16472
5336
3808
-2856
6631
-4357
21
-5594
-5083
5415
-3536
715
4676
-697
403
5619
-8103
10047
-3257
-8156
15280
1353
-2582
9215
-5134
5759
-7215
-3593
7895
4281
-3047
5895
-8864
5171
-8046
-13964
7298
1104
-5435
8772
-5266
-886
-5273
-5061
-1196
2531
-4946
1953
-3401
-1025
-5393
-9427
-3100
-2925
268
-918
-9120
3456
2195
1925
2093
-3183
-2674
711
-14897
1492
1276
-8160
7620
-2796
-3234
-3322
-11737
7456
-9449
-6100
4538
3283
-3220
3876
-5253
4030
-5195
-9679
10104
364
-6813
11474
-15256
7624
-6819
-7937
4994
2344
-7773
4943
-5817
-2786
-5706
-10362
-166
-3027
-9836
13554
-10398
4816
-3112
-10824
-2444
-179
-7595
2940
2028
-7567
311
-4845
-3059
-4136
-2543
-5676
-13832
-399
-1870
-2505
-3158
-6277
7051
-11246
-2017
11347
-249
2097
5056
-228
-5938
10540
837
1669
-1986
-2693
8067
-2066
1061
-3757
2195
9394
-8007
-334
7892
-2639
-5933
11776
-9817
1984
-4979
-8177
3784
1205
2378
-2735
1980
3032
-2416
4146
3105
-1876
51
5302
-159
7136
1785
-6403
5542
-1920
909
5010
750
-5901
87
7185
-1840
-1072
-5354
-3062
-10412
-2449
-2268
-5833
-163
-3500
3096
-9181
-9049
13393
-7132
-5981
3689
3005
-9193
8233
3607
-3643
-2370
-3238
3445
-2418
-2562
-484
-7419
11642
-7532
-4821
5357
-4312
-10164
10387
-7019
-6620
-2436
-3819
-3544
-2708
-2348
1842
-4112
7539
-1862
-2968
1075
-5076
-4350
3681
2917
-1583
5276
-3654
3211
-4611
-1740
6339
-1440
287
2295
4053
-1704
263
5515
-13425
4313
9200
-1659
6400
-721
284
-308
4474
3147
7611
-639
-3837
5989
-3091
-4544
36
10975
2426
-3628
7085
1787
-4784
-1074
832
-1472
6385
-5613
-5204
4513
-5187
482
2272
529
-1449
1057
11445
-137
-1339
7214
-6615
5167
8664
1428
102
8279
-7307
2402
3143
-714
-2094
2839
6543
2058
-3027
8911
1721
2336
1079
3249
6393
7723
3498
2704
-9766
-874
13040
-6408
298
-82
4733
-4263
1960
5539
2304
-1993
-5645
138
-4190
-7799
2745
1281
5379
-1599
3576
-194
-5820
-4697
457
1834
-1836
-2991
-989
-2449
-8836
-3749
6412
-5812
2411
1814
5087
-2031
-4321
2488
-8441
7283
-1250
3312
1500
5166
-10488
-1999
1864
-5257
1917
2834
1578
-178
-3172
6262
-1624
-709
-1644
4
2843
3793
786
444
5483
13167
9052
2219
4418
4224
-147
-314
-6444
12529
8378
-4221
3415
-2749
-7303
-5943
3497
7148
827
1874
4171
-484
-6058
6557
-6644
9890
3718
581
14132
1324
-7203
6308
-2482
3218
2889
5307
8913
5309
-6334
8915
-9184
2692
-2956
-732
10346
3231
-9394
6900
-5362
-3834
532
1575
2085
6877
-1417
3613
-4969
-3754
-4367
-3241
-707
-137
-1926
-2367
725
8455
5197
-1846
-12
-1027
-3241
-4269
-9338
14218
-520
-2288
5844
-3622
-3386
-9198
-444
2451
2754
3542
-1504
1031
-5555
2934
-9641
7477
-3154
-1376
13996
-831
-5114
2077
-6436
-558
-851
2872
2992
4061
-9221
4189
-11333
6157
-7189
-3066
9274
2227
-3474
2499
-4817
2
-8168
2292
274
6465
-1809
964
-8143
-54
-3936
-6904
-2775
-2832
3798
-5178
-4033
3743
1342
-5911
-4442
-6278
-6335
-852
-7558
9466
-2502
-7385
7684
-5008
645
-4036
-7064
3967
-3584
-3359
-757
2546
-3722
3149
-6273
1720
-4668
-3561
9281
-4202
-1277
6700
-16546
1442
-335
-2356
1061
-360
-7035
4669
-8086
-2063
-3879
205
2160
-4306
1382
8833
-10504
5206
-5449
-3546
-55
1645
98
2647
-3014
-6918
2290
-2017
-2354
-5261
4183
-7989
-5333
7277
-5762
-1844
-37
-5145
-1202
-7163
-401
11060
-2280
1749
3558
2156
401
5135
1231
1873
-4602
722
3581
-841
-996
-2013
-492
4190
-8481
3260
6124
-3887
-3900
6364
-11513
5703
-2213
-326
2246
2097
-897
-3439
1678
7064
-9499
9955
5781
333
500
5933
-6824
10201
-2730
-3418
984
-971
4342
2259
2191
639
1334
5891
3539
-1496
2554
pool2
8657
6479
2155
4225
7163
3658
7630
6090
3500
7148
5001
684
-1658
3258
2632
-5111
13154
1767
7671
3266
6449
9548
12570
7010
6323
7438
7025
5077
439
6856
7604
4985
8607
-2945
9718
-1044
2382
2685
7193
3447
448
8089
-420
1054
3039
4599
3703
3595
8063
5810
4452
4203
1711
4099
5596
4254
6433
13937
1953
10001
8239
6726
1341
5588
6972
-1511
8633
3900
7405
3043
1773
4344
10877
7462
-2276
5888
8643
4421
1097
4760
6365
12838
8601
7199
13062
9435
3906
12324
15872
12881
903
11285
5814
3596
-2148
6723
3840
7311
6355
7344
5619
10047
715
15280
9215
5759
-3593
7895
8772
-886
-5061
2531
711
3456
2195
7620
3876
7456
-5195
10104
11474
7624
-5706
4994
13554
4816
311
-179
7051
11347
2097
5056
10540
9394
-334
8067
11776
3032
4146
3784
5302
7136
7185
5542
3096
13393
-2268
3689
8233
11642
-2370
5357
10387
7539
-1862
1075
6339
2917
5276
3211
5515
9200
6400
5989
832
10975
7085
4513
7214
8664
11445
8279
8911
2336
6543
7723
2704
13040
298
4733
2745
5379
3576
-194
6412
7283
5087
5166
6262
1917
2843
3793
5483
13167
4418
4224
6557
9890
14132
1324
8915
3218
10346
5309
6900
532
2085
6877
725
14218
5844
-1027
2934
7477
13996
1031
4189
6157
9274
4061
2499
2
2292
6465
-852
9466
7684
645
3149
3967
9281
2546
6700
1442
2160
1382
8833
5206
-55
4183
-401
11060
3558
2156
5135
4190
6124
-841
6364
7064
9955
2097
5933
10201
5891
4342
conv3
32767
32767
10369
-27111
32767
32767
10106
-32768
10083
-32768
32767
-32768
32767
32767
-3129
-32768
-29454
32767
-32768
-32768
25977
32767
-32768
-32768
-32768
-32768
32767
-32768
-32768
32767
-32768
-30820
-32768
9793
-32768
-32768
32767
32767
-32768
-2645
-32768
-32768
-32768
-32768
32767
32767
-32768
23129
32767
-32768
-32768
-12786
32767
32767
-32768
-14917
13479
-32768
-32768
-32768
-32768
-108
-32768
-13505
32767
-32768
-32768
-32768
-27855
-3941
-32768
-32768
10649
32767
32767
-32768
32767
32767
-32768
32767
32767
32190
32767
-32768
-13668
32767
-32768
25875
-32768
32767
-32768
-32768
13484
32767
-32768
32767
-31988
32767
-32768
-19076
32767
32767
-32768
32767
-32768
32767
-32768
32767
-32768
32767
-32768
32767
32767
-15281
-9276
9770
32767
32767
-32768
32767
-22092
32767
-32768
-13472
-32768
32767
-32768
32767
-32768
-32768
-32768
-32768
-32768
-32768
-32768
-32768
-32768
32767
27321
-32768
32767
32767
-32768
7364
26372
-32768
7051
-32768
-32768
-32768
-32768
-32768
-32768
32767
-32768
-9570
31999
32767
-32768
32767
32767
-32768
-32768
-32768
32767
-32768
-32768
32767
-9109
32767
-32768
32767
-32768
32767
-32768
32767
32767
-32768
-2589
32767
-32768
-32768
-32768
32767
-32768
32767
-32768
-21211
-32768
-32768
26729
25457
8177
32767
-32768
-32768
32767
32767
-32768
32767
-32768
32767
32767
-32768
3691
32767
-32768
32767
-32768
32767
-32768
8466
-17946
32767
-32768
32767
-32768
32767
-32768
8738
32767
32767
-32768
32767
32767
32767
-32768
32767
-32768
32767
-32768
32767
23256
32767
3758
32767
23056
32767
-1316
32767
32767
32767
-29855
32767
-32768
-32768
-32768
32767
-8494
32767
32767
32667
32767
3105
32767
32767
-32768
32767
-32768
-32768
32767
32767
-32768
32767
-32768
-32768
32767
-32768
-32768
-32768
-32768
-2274
19422
32767
-32768
32767
7940
32767
-32768
32767
5460
32767
-32768
-16388
-4273
-32768
-32768
32767
32767
32767
-32768
32767
-9933
-32768
32767
32767
27976
-32768
12456
32767
-32768
-32768
-32768
32767
-6361
-32768
-28393
32767
-32768
-32768
32767
32767
32767
32767
32767
32767
32767
-32768
32767
32767
32767
32767
32767
14068
32767
32767
-18710
32767
-32768
32767
-32768
-24453
-22559
32767
-32768
32767
32767
32767
-32768
32767
32767
-1334
14521
32767
-32336
32767
-32768
32767
-32768
-14615
-32768
32767
32767
32767
-32768
32767
32767
-32768
32767
32767
-25349
32767
-12799
32767
-32768
-32768
-32768
32767
-10869
32767
32767
32767
32767
-32768
32767
32767
-32768
-32768
32767
32767
32767
-32768
18446
27489
32767
32767
32767
32767
32767
27814
-2855
32767
-16807
32767
-32768
32767
-7659
1911
-32768
32767
32767
28348
-32768
32767
-13590
-32768
2896
32767
-32768
32767
-32768
32767
-32768
-32768
-14521
32767
32767
-32768
-32768
32767
-32768
-32768
32767
32767
-32768
23660
-9326
32767
-32768
-32768
18280
32767
7651
-32768
32767
32767
32067
-32768
32767
32767
-32768
-32768
-32768
32767
-32768
-32768
-32768
-4349
13830
-32768
32767
16909
-32768
-32768
-32768
32767
-32768
32767
-32768
32767
-32768
-18157
-32768
32767
-3030
32767
-32768
-8278
-32768
-32768
-32768
32767
-32768
32767
-32768
32767
-32768
-32768
-5638
32767
-32768
-15461
32767
32767
-19695
-32768
-12773
21110
-32768
-32768
-11724
32767
-32768
-32768
32767
32767
-32768
-32768
32767
-11473
32767
-32768
-32768
-32768
-32768
-32768
-32768
6366
-8039
-32768
32767
-32768
-32768
-32768
-32768
-32768
-32768
-32768
-32768
32767
32767
32767
-32768
32767
32767
-32768
5962
32767
-32768
32767
-32768
-16055
-32768
-32768
-32768
-32768
32767
-32768
-32768
32767
20102
-32768
32767
32767
32767
-32768
32767
32767
-32768
-32768
32767
32767
32767
-32768
32767
30032
19967
-32768
32767
32767
-32768
32767
32767
32767
-10795
-32768
32767
-32469
32767
-32768
13860
32767
23174
-32768
32767
-32768
-32768
-32768
-32768
19560
-32768
-32768
-32768
32767
-32768
32767
-32768
32767
-199
-32768
-32768
32767
-32768
25165
10585
25853
-32768
-20070
3380
-32768
32767
32767
-11759
32767
32767
-32768
32767
-19845
-32768
-32768
32767
32767
-32768
-32768
32767
-32768
-32768
-32768
32767
-32768
32767
-32768
32767
-32768
-32768
-32768
32767
-32768
-13511
-32768
32767
-32768
15637
-32768
32767
-32768
14563
32767
32767
-32768
32767
-32768
-32768
32767
32767
-32768
32767
32767
-32768
32767
-32768
32767
-32768
-32768
-32768
-32768
32767
-32768
32767
32767
32767
-30872
32767
-21866
32767
-10794
-13704
32767
-23219
-32768
32767
-27811
32767
-32768
32767
32767
32767
-32768
32767
-32768
28271
32767
32767
-32768
10797
-7993
32767
-32768
32767
-32768
32767
-28716
-26297
-32768
32767
-32768
32767
32767
32767
32767
32767
32767
32767
-32768
32767
32767
-25801
32767
32767
-32768
32767
32767
-32768
32767
-32768
32767
-32768
12759
-7489
-32768
6079
-32768
32767
18469
32767
-32768
32767
-32768
18858
-32768
-30640
32767
-32768
-32768
32767
-32768
-8927
-32768
32767
-32768
32767
-32768
32767
-32768
-32768
14250
32767
-32768
24927
-32768
32767
-32768
-32768
-15368
32767
-32768
-32768
32767
32767
-32768
32767
32767
5539
13429
533
32767
32767
-32768
32767
32767
32767
32767
32767
32767
32767
-32768
32767
-19031
23736
32767
32767
-11622
32767
-32768
32767
-32768
32767
32767
32767
15734
32767
-32768
32767
-32768
32767
32767
32767
-32768
32767
-32768
32767
-32768
32767
-32768
28388
32767
32767
-32768
32767
-11249
32767
-32768
28987
-5988
32767
-32768
32767
32767
32767
-32768
-32768
32767
32767
-32768
15400
1748
-32768
-32768
-32768
-9448
16181
-32768
21274
32767
-13386
32767
10763
-23717
32767
-32768
32767
-32768
32767
32767
22997
27875
32767
-32768
-32768
-32768
32767
32767
-32768
-30712
32767
-32768
32767
-32768
32767
-32768
-32768
-32768
32767
-32768
-32768
-31296
32767
-32768
-32768
32767
32767
-32768
32767
-32768
32767
-32768
12128
-32768
32767
-32768
-32768
32767
32767
9027
-23634
32767
32767
-32768
-32768
-32768
32767
-32768
-32768
-32545
32767
-32768
-32768
-32768
-32768
-32768
-32768
-32768
-4170
-32768
32767
-32768
32767
5310
-673
-32768
32767
-32768
11576
-32768
-32768
32767
-29866
-32768
32767
-32768
32767
-32768
32767
-32768
32767
-32768
32767
-32768
32767
32767
32767
-32768
-32768
11355
-32768
-32768
32767
-32768
32767
-32768
-11761
-16751
32767
-32157
6737
32767
-32768
32267
-4462
32767
-32768
-32768
-32768
-32768
6566
-32768
-32768
32767
-32768
32767
-32768
-23071
32767
-32768
-32768
-33
32767
-32768
32767
-32768
32767
32767
-23640
9874
32767
-32768
-7460
-32768
32767
-32768
-32768
-32768
32767
-32768
-32768
-32768
32767
-32768
32767
32767
32767
-32768
32767
32767
32767
-32768
6656
32767
32767
-32768
-32768
32767
32767
2996
32767
32767
32767
16752
32767
32767
-5376
-31095
25350
32767
20502
-32768
-32768
32767
32767
-32499
-32768
32767
-32768
32767
