output channel 0
   2    5  -10  -10   15    0    5   -6
   5  -10  -10   25   -5    0  -10   -5
 -10  -10   25   -5    0  -10  -10   20
 -10   25   -5    0  -10  -10   25   -5
  15   -5    0  -10  -10   25   -5   -5
   0    0  -10  -10   25   -5    0   -5
   5  -10  -10   25   -5    0  -10   -5
  -6   -5   20   -5   -5   -5   -5   14

output channel 1
  -1    0   15  -10  -10    5    0    7
   0   15  -15  -15   15    0   15  -10
  15  -15  -15   15    0   15  -15  -10
 -10  -15   15    0   15  -15  -15   15
 -10   15    0   15  -15  -15   15    0
   5    0   15  -15  -15   15    0    5
   0   15  -15  -15   15    0   15  -10
   7  -10  -10   15    0    5  -10   -6

output channel 2
  -1   -5   -5   20   -5   -5   -5   -1
  -5   -5   25  -10  -10    0   -5   15
  -5   25  -10  -10    0   -5   25  -10
  20  -10  -10    0   -5   25  -10  -10
  -5  -10    0   -5   25  -10  -10    5
  -5    0   -5   25  -10  -10    0    0
  -5   -5   25  -10  -10    0   -5   15
  -1   15  -10  -10    5    0   15   -8

output channel 3
   2    5  -10  -10   15    0    5   -6
   5  -10  -10   25   -5    0  -10   -5
 -10  -10   25   -5    0  -10  -10   20
 -10   25   -5    0  -10  -10   25   -5
  15   -5    0  -10  -10   25   -5   -5
   0    0  -10  -10   25   -5    0   -5
   5  -10  -10   25   -5    0  -10   -5
  -6   -5   20   -5   -5   -5   -5   14

output channel 4
  -1    0   15  -10  -10    5    0    7
   0   15  -15  -15   15    0   15  -10
  15  -15  -15   15    0   15  -15  -10
 -10  -15   15    0   15  -15  -15   15
 -10   15    0   15  -15  -15   15    0
   5    0   15  -15  -15   15    0    5
   0   15  -15  -15   15    0   15  -10
   7  -10  -10   15    0    5  -10   -6

output channel 5
  -1   -5   -5   20   -5   -5   -5   -1
  -5   -5   25  -10  -10    0   -5   15
  -5   25  -10  -10    0   -5   25  -10
  20  -10  -10    0   -5   25  -10  -10
  -5  -10    0   -5   25  -10  -10    5
  -5    0   -5   25  -10  -10    0    0
  -5   -5   25  -10  -10    0   -5   15
  -1   15  -10  -10    5    0   15   -8

output channel 6
   2    5  -10  -10   15    0    5   -6
   5  -10  -10   25   -5    0  -10   -5
 -10  -10   25   -5    0  -10  -10   20
 -10   25   -5    0  -10  -10   25   -5
  15   -5    0  -10  -10   25   -5   -5
   0    0  -10  -10   25   -5    0   -5
   5  -10  -10   25   -5    0  -10   -5
  -6   -5   20   -5   -5   -5   -5   14

output channel 7
  -1    0   15  -10  -10    5    0    7
   0   15  -15  -15   15    0   15  -10
  15  -15  -15   15    0   15  -15  -10
 -10  -15   15    0   15  -15  -15   15
 -10   15    0   15  -15  -15   15    0
   5    0   15  -15  -15   15    0    5
   0   15  -15  -15   15    0   15  -10
   7  -10  -10   15    0    5  -10   -6

output channel 8
  -1   -5   -5   20   -5   -5   -5   -1
  -5   -5   25  -10  -10    0   -5   15
  -5   25  -10  -10    0   -5   25  -10
  20  -10  -10    0   -5   25  -10  -10
  -5  -10    0   -5   25  -10  -10    5
  -5    0   -5   25  -10  -10    0    0
  -5   -5   25  -10  -10    0   -5   15
  -1   15  -10  -10    5    0   15   -8

output channel 9
   2    5  -10  -10   15    0    5   -6
   5  -10  -10   25   -5    0  -10   -5
 -10  -10   25   -5    0  -10  -10   20
 -10   25   -5    0  -10  -10   25   -5
  15   -5    0  -10  -10   25   -5   -5
   0    0  -10  -10   25   -5    0   -5
   5  -10  -10   25   -5    0  -10   -5
  -6   -5   20   -5   -5   -5   -5   14

output channel 10
  -1    0   15  -10  -10    5    0    7
   0   15  -15  -15   15    0   15  -10
  15  -15  -15   15    0   15  -15  -10
 -10  -15   15    0   15  -15  -15   15
 -10   15    0   15  -15  -15   15    0
   5    0   15  -15  -15   15    0    5
   0   15  -15  -15   15    0   15  -10
   7  -10  -10   15    0    5  -10   -6

output channel 11
  -1   -5   -5   20   -5   -5   -5   -1
  -5   -5   25  -10  -10    0   -5   15
  -5   25  -10  -10    0   -5   25  -10
  20  -10  -10    0   -5   25  -10  -10
  -5  -10    0   -5   25  -10  -10    5
  -5    0   -5   25  -10  -10    0    0
  -5   -5   25  -10  -10    0   -5   15
  -1   15  -10  -10    5    0   15   -8

output channel 12
   2    5  -10  -10   15    0    5   -6
   5  -10  -10   25   -5    0  -10   -5
 -10  -10   25   -5    0  -10  -10   20
 -10   25   -5    0  -10  -10   25   -5
  15   -5    0  -10  -10   25   -5   -5
   0    0  -10  -10   25   -5    0   -5
   5  -10  -10   25   -5    0  -10   -5
  -6   -5   20   -5   -5   -5   -5   14

output channel 13
  -1    0   15  -10  -10    5    0    7
   0   15  -15  -15   15    0   15  -10
  15  -15  -15   15    0   15  -15  -10
 -10  -15   15    0   15  -15  -15   15
 -10   15    0   15  -15  -15   15    0
   5    0   15  -15  -15   15    0    5
   0   15  -15  -15   15    0   15  -10
   7  -10  -10   15    0    5  -10   -6

output channel 14
  -1   -5   -5   20   -5   -5   -5   -1
  -5   -5   25  -10  -10    0   -5   15
  -5   25  -10  -10    0   -5   25  -10
  20  -10  -10    0   -5   25  -10  -10
  -5  -10    0   -5   25  -10  -10    5
  -5    0   -5   25  -10  -10    0    0
  -5   -5   25  -10  -10    0   -5   15
  -1   15  -10  -10    5    0   15   -8

output channel 15
   2    5  -10  -10   15    0    5   -6
   5  -10  -10   25   -5    0  -10   -5
 -10  -10   25   -5    0  -10  -10   20
 -10   25   -5    0  -10  -10   25   -5
  15   -5    0  -10  -10   25   -5   -5
   0    0  -10  -10   25   -5    0   -5
   5  -10  -10   25   -5    0  -10   -5
  -6   -5   20   -5   -5   -5   -5   14

